   Degree Rank Sex Year YSdeg Salary
1       1    3   0   25    35  36350
2       1    3   0   13    22  35350
3       1    3   0   10    23  28200
4       1    3   1    7    27  26775
5       0    3   0   19    30  33696
6       1    3   0   16    21  28516
7       0    3   1    0    32  24900
8       1    3   0   16    18  31909
9       0    3   0   13    30  31850
10      0    3   0   13    31  32850
11      1    3   0   12    22  27025
12      1    2   0   15    19  24750
13      1    3   0    9    17  28200
14      0    2   0    9    27  23712
15      1    3   0    9    24  25748
16      1    3   0    7    15  29342
17      1    3   0   13    20  31114
18      0    2   0   11    14  24742
19      0    2   0   10    15  22906
20      0    3   0    6    21  24450
21      0    1   0   16    23  19175
22      0    2   0    8    31  20525
23      1    3   0    7    13  27959
24      1    3   1    8    24  38045
25      1    2   0    9    12  24832
26      1    3   0    5    18  25400
27      1    2   0   11    14  24800
28      1    3   1    5    16  25500
29      0    2   0    3     7  26182
30      0    2   0    3    17  23725
31      0    1   1   10    15  21600
32      0    2   0   11    31  23300
33      0    1   0    9    14  23713
34      0    2   1    4    33  20690
35      0    2   1    6    29  22450
36      1    2   0    1     9  20850
37      1    1   1    8    14  18304
38      1    1   0    4     4  17095
39      1    1   0    4     5  16700
40      1    1   0    4     4  17600
41      1    1   0    3     4  18075
42      0    1   0    3    11  18000
43      1    2   0    0     7  20999
44      1    1   1    3     3  17250
45      1    1   0    2     3  16500
46      1    1   0    2     1  16094
47      1    1   1    2     6  16150
48      1    1   1    2     2  15350
49      1    1   0    1     1  16244
50      1    1   1    1     1  16686
51      1    1   1    1     1  15000
52      1    1   1    0     2  20300
